name: chatBot_ontology_creation_env
channels:
  - conda-forge
  - conda-forge/label/cf202003
  - anaconda
  - defaults
dependencies:
  - brotlipy=0.7.0=py39h2bbff1b_1003
  - ca-certificates=2019.11.28=hecc5488_0
  - certifi=2022.9.24=py39haa95532_0
  - cffi=1.15.0=py39h2bbff1b_1
  - charset-normalizer=2.0.4=pyhd3eb1b0_0
  - click=8.0.4=py39haa95532_0
  - colorama=0.4.4=pyhd3eb1b0_0
  - cryptography=37.0.1=py39h21b164f_0
  - idna=3.3=pyhd3eb1b0_0
  - joblib=1.1.0=pyhd3eb1b0_0
  - nltk=3.7=pyhd3eb1b0_0
  - openssl=1.1.1q=hcfcfb64_1
  - owlready2=0.39=py39ha55989b_0
  - pip=22.2.2=py39haa95532_0
  - pycparser=2.21=pyhd3eb1b0_0
  - pyopenssl=22.0.0=pyhd3eb1b0_0
  - pysocks=1.7.1=py39haa95532_0
  - python=3.9.13=h6244533_2
  - python_abi=3.9=2_cp39
  - regex=2022.3.15=py39h2bbff1b_0
  - requests=2.27.1=pyhd3eb1b0_0
  - setuptools=63.4.1=py39haa95532_0
  - sqlite=3.39.3=h2bbff1b_0
  - tk=8.6.12=h2bbff1b_0
  - tqdm=4.64.0=py39haa95532_0
  - tzdata=2022e=h04d1e81_0
  - ucrt=10.0.22621.0=h57928b3_0
  - urllib3=1.26.9=py39haa95532_0
  - vc=14.2=h21ff451_1
  - vs2015_runtime=14.32.31332=h1d6e394_9
  - wheel=0.37.1=pyhd3eb1b0_0
  - win_inet_pton=1.1.0=py39haa95532_0
  - wincertstore=0.2=py39haa95532_2
prefix: C:\Users\akisl\anaconda3\envs\chatBot_ontology_creation_env
