name: C2O
channels:
  - conda-forge
  - defaults
dependencies:
  - atk-1.0=2.38.0=h6b5321d_1
  - bzip2=1.0.8=h8ffe710_4
  - ca-certificates=2022.12.7=h5b45459_0
  - cairo=1.16.0=hdecc03f_1015
  - certifi=2022.12.7=pyhd8ed1ab_0
  - epoxy=1.5.10=h8d14728_1
  - expat=2.5.0=h63175ca_1
  - font-ttf-dejavu-sans-mono=2.37=hab24e00_0
  - font-ttf-inconsolata=3.000=h77eed37_0
  - font-ttf-source-code-pro=2.038=h77eed37_0
  - font-ttf-ubuntu=0.83=hab24e00_0
  - fontconfig=2.14.2=hbde0cde_0
  - fonts-conda-ecosystem=1=0
  - fonts-conda-forge=1=0
  - freetype=2.12.1=h546665d_1
  - fribidi=1.0.10=h8d14728_0
  - gdk-pixbuf=2.42.10=h337c2fa_2
  - gettext=0.21.1=h5728263_0
  - glib-tools=2.74.1=h12be248_1
  - graphite2=1.3.13=1000
  - gtk3=3.24.37=h264314f_0
  - harfbuzz=6.0.0=h196d34a_1
  - hicolor-icon-theme=0.17=h57928b3_2
  - icu=72.1=h63175ca_0
  - lerc=4.0.0=h63175ca_0
  - libdeflate=1.18=hcfcfb64_0
  - libexpat=2.5.0=h63175ca_1
  - libffi=3.4.2=h8ffe710_5
  - libgirepository=1.74.0=h4a5d6e9_1
  - libglib=2.74.1=he8f3873_1
  - libiconv=1.17=h8ffe710_0
  - libjpeg-turbo=2.1.5.1=hcfcfb64_0
  - libpng=1.6.39=h19919ed_0
  - libtiff=4.5.0=h6c8260b_6
  - libzlib=1.2.13=hcfcfb64_4
  - openssl=1.1.1t=hcfcfb64_0
  - pango=1.50.14=hdffb7b3_0
  - pcre2=10.40=h17e33f8_0
  - pip=23.0.1=py39haa95532_0
  - pixman=0.40.0=h8ffe710_0
  - pycairo=1.23.0=py39h82915f6_0
  - pygobject=3.44.1=py39h2a10309_0
  - python=3.9.16=h6244533_2
  - python_abi=3.9=2_cp39
  - setuptools=65.6.3=py39haa95532_0
  - sqlite=3.41.1=h2bbff1b_0
  - tzdata=2022g=h04d1e81_0
  - ucrt=10.0.22621.0=h57928b3_0
  - vc=14.2=h21ff451_1
  - vs2015_runtime=14.34.31931=h4c5c07a_10
  - wheel=0.38.4=py39haa95532_0
  - wincertstore=0.2=py39haa95532_2
  - xz=5.2.6=h8d14728_0
  - zlib=1.2.13=hcfcfb64_4
  - zstd=1.5.2=h12be248_6
  - pip:
    - charset-normalizer==3.1.0
    - click==8.1.3
    - colorama==0.4.6
    - idna==3.4
    - joblib==1.2.0
    - nltk==3.8.1
    - owlready2==0.40
    - regex==2023.3.23
    - requests==2.28.2
    - tqdm==4.65.0
    - urllib3==1.26.15
prefix: C:\Users\akisl\anaconda3\envs\C2O
